567.582670
453.586288
362.775794
290.430483
232.790886
186.863039
150.262607
121.090756
97.835285
79.291908
64.501550
52.700417
43.280235
35.756582
29.743665
24.934245
21.083633
17.996959
15.519028
13.526239
11.920150
10.622362
9.570432
8.714624
8.015327
7.440988
6.966472
6.571760
6.240901
5.961188
5.722494
5.516753
5.337533
5.179708
5.039190
4.912719
4.797696
4.692044
4.594105
4.502554
4.416333
4.334594
4.256656
4.181976
4.110114
4.040717
3.973501
3.908234
3.844728
3.782831
3.722417
3.663382
3.605640
3.549119
3.493758
3.439505
3.386316
3.334153
3.282980
3.232769
3.183492
3.135124
3.087643
3.041028
2.995260
2.950320
2.906191
2.862856
2.820301
2.778509
2.737466
2.697157
2.657570
2.618691
2.580506
2.543003
2.506170
2.469994
2.434463
2.399567
2.365292
2.331630
2.298567
2.266094
2.234200
2.202875
2.172108
2.141890
2.112211
2.083060
2.054430
2.026309
1.998690
1.971564
1.944921
1.918753
1.893051
1.867807
1.843014
1.818662
1.794745
1.771254
1.748182
1.725521
1.703264
1.681403
1.659933
1.638845
1.618133
1.597790
1.577810
1.558186
1.538911
1.519981
1.501388
1.483126
1.465190
1.447573
1.430271
1.413277
1.396586
1.380192
1.364091
1.348277
1.332744
1.317489
1.302505
1.287789
1.273335
1.259138
1.245195
1.231500
1.218049
1.204838
1.191863
1.179118
1.166601
1.154307
1.142233
1.130373
1.118725
1.107285
1.096048
1.085012
1.074172
1.063526
1.053070
1.042800
1.032713
1.022805
1.013075
1.003518
0.994131
0.984911
0.975856
0.966963
0.958228
0.949648
0.941222
0.932945
0.924816
0.916833
0.908991
0.901289
0.893725
0.886295
0.878998
0.871831
0.864792
0.857878
0.851087
0.844417
0.837867
0.831433
0.825114
0.818907
0.812811
0.806824
0.800943
0.795168
0.789495
0.783923
0.778451
0.773076
0.767797
0.762612
0.757520
0.752518
0.747606
0.742781
0.738042
0.733387
0.728816
0.724326
0.719916
0.715584
0.711330
0.707152
0.703048
0.699018
0.695059
0.691171
0.687352
0.683601
0.679917
0.676298
0.672745
0.669254
0.665826
0.662459
0.659152
0.655903
0.652713
0.649580
0.646502
0.643480
0.640511
0.637595
0.634731
0.631918
0.629155
0.626442
0.623777
0.621159
0.618588
0.616063
0.613583
0.611147
0.608755
0.606405
0.604097
0.601830
0.599604
0.597417
0.595270
0.593160
0.591088
0.589053
0.587055
0.585092
0.583164
0.581270
0.579410
0.577584
0.575789
0.574027
0.572296
0.570597
0.568927
0.567287
0.565677
0.564095
0.562541
0.561015
0.559516
0.558044
0.556598
0.555178
0.553783
0.552413
0.551068
0.549746
0.548449
0.547174
0.545922
0.544692
0.543484
0.542298
0.541133
0.539988
0.538864
0.537760
0.536676
0.535611
0.534565
0.533538
0.532529
0.531538
0.530564
0.529608
0.528669
0.527747
0.526841
0.525952
0.525078
0.524220
0.523377
0.522549
0.521736
0.520937
0.520153
0.519383
0.518626
0.517883
0.517153
0.516436
0.515732
0.515040
0.514361
0.513694
0.513038
0.512395
0.511763
0.511142
0.510532
0.509933
0.509345
0.508767
0.508200
0.507642
0.507095
0.506557
0.506029
0.505511
0.505001
0.504501
0.504010
0.503527
0.503053
0.502587
0.502130
0.501681
0.501240
0.500807
0.500381
0.499963
0.499553
0.499149
0.498753
0.498364
0.497982
0.497607
0.497239
0.496877
0.496521
0.496172
0.495829
0.495492
0.495162
0.494837
0.494518
0.494204
0.493896
0.493594
0.493297
0.493005
0.492719
0.492437
0.492161
0.491890
0.491623
0.491361
0.491104
0.490851
0.490603
0.490360
0.490120
0.489885
0.489654
0.489428
0.489205
0.488986
0.488771
0.488560
0.488353
0.488150
0.487950
0.487753
0.487561
0.487371
0.487185
0.487002
0.486823
0.486647
0.486473
0.486303
0.486136
0.485972
0.485811
0.485653
0.485498
0.485345
0.485195
0.485048
0.484903
0.484761
0.484622
0.484485
0.484350
0.484218
0.484088
0.483960
0.483835
0.483712
0.483591
0.483473
0.483356
0.483242
0.483129
0.483019
0.482910
0.482804
0.482699
0.482596
0.482496
0.482396
0.482299
0.482203
0.482109
0.482017
0.481927
0.481838
0.481750
0.481664
0.481580
0.481497
0.481416
0.481336
0.481258
0.481181
0.481105
0.481030
0.480957
0.480886
0.480815
0.480746
0.480678
0.480611
0.480546
0.480482
0.480418
0.480356
0.480295
0.480235
0.480176
0.480119
0.480062
0.480006
0.479951
0.479898
0.479845
0.479793
0.479742
0.479692
0.479643
0.479594
0.479547
0.479500
0.479455
0.479410
0.479366
0.479322
0.479280
0.479238
0.479197
0.479157
0.479117
0.479078
0.479040
0.479002
0.478965
0.478929
0.478894
0.478859
0.478824
0.478791
0.478758
0.478725
0.478693
0.478662
0.478631
0.478601
0.478571
0.478542
0.478513
0.478485
0.478458
0.478430
0.478404
0.478378
0.478352
0.478327
0.478302
0.478277
0.478253
0.478230
0.478207
0.478184
0.478162
0.478140
0.478118
0.478097
0.478077
0.478056
0.478036
0.478017
0.477997
0.477978
0.477960
0.477942

3.999525 10.025283 