0.125000
0.095264
0.094331
0.092133
0.089742
0.087376
0.085074
0.082842
0.080683
0.078596
0.076580
0.074634
0.072758
0.070948
0.069205
0.067526
0.065908
0.064351
0.062852
0.061409
0.060020
0.058683
0.057396
0.056157
0.054964
0.053814
0.052708
0.051641
0.050614
0.049623
0.048668
0.047747
0.046858
0.046000
0.045172
0.044372
0.043599
0.042852
0.042130
0.041432
0.040756
0.040103
0.039469
0.038856
0.038262
0.037686
0.037128
0.036587
0.036061
0.035551
0.035056
0.034575
0.034108
0.033654
0.033212
0.032783
0.032365
0.031959
0.031563
0.031177
0.030802
0.030436
0.030079
0.029732
0.029393
0.029062
0.028739
0.028424
0.028117
0.027816
0.027523
0.027236
0.026956
0.026682
0.026415
0.026153
0.025897
0.025646
0.025401
0.025160
0.024925
0.024695
0.024469
0.024248
0.024031
0.023819
0.023611
0.023407
0.023207
0.023010
0.022818
0.022628
0.022443
0.022261
0.022082
0.021906
0.021734
0.021564
0.021398
0.021234
0.021073
0.020915
0.020760
0.020607
0.020457
0.020309
0.020164
0.020021
0.019880
0.019742
0.019605
0.019471
0.019339
0.019209
0.019081
0.018955
0.018830
0.018708
0.018587
0.018469
0.018352
0.018236
0.018122
0.018010
0.017900
0.017791
0.017683
0.017577
0.017473
0.017369
0.017268
0.017167
0.017068
0.016970
0.016874
0.016779
0.016684
0.016592
0.016500
0.016410
0.016320
0.016232
0.016145
0.016059
0.015974
0.015890
0.015807
0.015725
0.015644
0.015563
0.015484
0.015406
0.015329
0.015252
0.015177
0.015102
0.015028
0.014955
0.014883
0.014812
0.014741
0.014671
0.014602
0.014533
0.014466
0.014399
0.014333
0.014267
0.014202
0.014138
0.014075
0.014012
0.013950
0.013888
0.013827
0.013767
0.013707
0.013648
0.013589
0.013531
0.013474
0.013417
0.013361
0.013305
0.013250
0.013195
0.013141
0.013087
0.013034
0.012981
0.012929
0.012877
0.012826
0.012775
0.012725
0.012675
0.012626
0.012577
0.012528
0.012480
0.012432
0.012385
0.012338
0.012292
0.012245
0.012200
0.012155
0.012110
0.012065
0.012021
0.011977
0.011934
0.011891
0.011848
0.011806
0.011764
0.011722
0.011681
0.011640
0.011599
0.011558
0.011518
0.011479
0.011439
0.011400
0.011361
0.011323
0.011285
0.011247
0.011209
0.011172
0.011135
0.011098
0.011062
0.011025
0.010989
0.010954
0.010918
0.010883
0.010848
0.010814
0.010779
0.010745
0.010711
0.010677
0.010644
0.010611
0.010578
0.010545
0.010513
0.010480
0.010448
0.010417
0.010385
0.010354
0.010322
0.010292
0.010261
0.010230
0.010200
0.010170
0.010140
0.010110
0.010081
0.010051
0.010022
0.009993
0.009965
0.009936
0.009908
0.009879
0.009851
0.009824
0.009796
0.009768
0.009741
0.009714
0.009687
0.009660
0.009634
0.009607
0.009581
0.009555
0.009529
0.009503
0.009477
0.009452
0.009426
0.009401
0.009376
0.009351
0.009327
0.009302
0.009277
0.009253
0.009229
0.009205
0.009181
0.009157
0.009134
0.009110
0.009087
0.009064
0.009041
0.009018
0.008995
0.008972
0.008950
0.008927
0.008905
0.008883
0.008861
0.008839
0.008817
0.008796
0.008774
0.008753
0.008731
0.008710
0.008689
0.008668
0.008647
0.008626
0.008606
0.008585
0.008565
0.008545
0.008524
0.008504
0.008484
0.008465
0.008445
0.008425
0.008406
0.008386
0.008367
0.008347
0.008328
0.008309
0.008290
0.008271
0.008253
0.008234
0.008215
0.008197
0.008178
0.008160
0.008142
0.008124
0.008106
0.008088
0.008070
0.008052
0.008035
0.008017
0.008000
0.007982
0.007965
0.007948
0.007930
0.007913
0.007896
0.007879
0.007863
0.007846
0.007829
0.007813
0.007796
0.007780
0.007763
0.007747
0.007731
0.007715
0.007698
0.007683
0.007667
0.007651
0.007635
0.007619
0.007604
0.007588
0.007573
0.007557
0.007542
0.007527
0.007511
0.007496
0.007481
0.007466
0.007451
0.007436
0.007422
0.007407
0.007392
0.007378
0.007363
0.007349
0.007334
0.007320
0.007306
0.007291
0.007277
0.007263
0.007249
0.007235
0.007221
0.007207
0.007194
0.007180
0.007166
0.007152
0.007139
0.007125
0.007112
0.007099
0.007085
0.007072
0.007059
0.007045
0.007032
0.007019
0.007006
0.006993
0.006980
0.006968
0.006955
0.006942
0.006929
0.006917
0.006904
0.006891
0.006879
0.006867
0.006854
0.006842
0.006829
0.006817
0.006805
0.006793
0.006781
0.006769
0.006757
0.006745
0.006733
0.006721
0.006709
0.006697
0.006686
0.006674
0.006662
0.006651
0.006639
0.006628
0.006616
0.006605
0.006593
0.006582
0.006571
0.006560
0.006548
0.006537
0.006526
0.006515
0.006504
0.006493
0.006482
0.006471
0.006460
0.006449
0.006439
0.006428
0.006417
0.006406
0.006396
0.006385
0.006375
0.006364
0.006354
0.006343
0.006333
0.006322
0.006312
0.006302
0.006292
0.006281
0.006271
0.006261
0.006251
0.006241
0.006231
0.006221
0.006211
0.006201
0.006191
0.006181
0.006171
0.006162
0.006152
0.006142
0.006132
0.006123
0.006113
0.006103
0.006094
0.006084
0.006075
0.006065
0.006056
0.006047
0.006037
0.006028
0.006019
0.006009
0.006000
0.005991
0.005982
0.005973
0.005963
0.005954
0.005945
0.005936
0.005927
0.005918
0.005909
0.005900
0.005892
0.005883
0.005874
0.005865
0.005856
0.005848
0.005839
0.005830
0.005822
0.005813
0.005804
0.005796
0.005787
0.005779
0.005770
0.005762
0.005753
0.005745
0.005737
0.005728
0.005720
0.005712
0.005703
0.005695
0.005687
0.005679
0.005671
0.005663
0.005654
0.005646
0.005638
0.005630
0.005622
0.005614
0.005606
0.005598
0.005590
0.005583
0.005575
0.005567
0.005559
0.005551
0.005544
0.005536
0.005528
0.005520
0.005513
0.005505
0.005497
0.005490
0.005482
0.005475
0.005467
0.005460
0.005452
0.005445
0.005437
0.005430
0.005422
0.005415
0.005408
0.005400
0.005393
0.005386
0.005378
0.005371
0.005364
0.005357
0.005350
0.005342
0.005335
0.005328
0.005321
0.005314
0.005307
0.005300
0.005293
0.005286
0.005279
0.005272
0.005265
0.005258
0.005251
0.005244
0.005237
0.005231
0.005224
0.005217
0.005210
0.005203
0.005197
0.005190
0.005183
0.005177
0.005170
0.005163
0.005157
0.005150
0.005143
0.005137
0.005130
0.005124
0.005117
0.005111
0.005104
0.005098
0.005091
0.005085
0.005078
0.005072
0.005066
0.005059
0.005053
0.005047
0.005040
0.005034
0.005028
0.005021
0.005015
0.005009
0.005003
0.004997
0.004990
0.004984
0.004978
0.004972
0.004966
0.004960
0.004954
0.004948
0.004942
0.004936
0.004930
0.004924
0.004918
0.004912
0.004906
0.004900
0.004894
0.004888
0.004882
0.004876
0.004870
0.004864
0.004859
0.004853
0.004847
0.004841
0.004835
0.004830
0.004824
0.004818
0.004813
0.004807
0.004801
0.004795
0.004790
0.004784
0.004779
0.004773
0.004767
0.004762
0.004756
0.004751
0.004745
0.004740
0.004734
0.004729
0.004723
0.004718
0.004712
0.004707
0.004701
0.004696
0.004691
0.004685
0.004680
0.004674
0.004669
0.004664
0.004658
0.004653
0.004648
0.004643
0.004637
0.004632
0.004627
0.004622
0.004616
0.004611
0.004606
0.004601
0.004596
0.004590
0.004585
0.004580
0.004575
0.004570
0.004565
0.004560
0.004555
0.004550
0.004545
0.004540
0.004535
0.004530
0.004525
0.004520
0.004515
0.004510
0.004505
0.004500
0.004495
0.004490
0.004485
0.004480
0.004475
0.004470
0.004466
0.004461
0.004456
0.004451
0.004446
0.004441
0.004437
0.004432
0.004427
0.004422
0.004418
0.004413
0.004408
0.004403
0.004399
0.004394
0.004389
0.004385
0.004380
0.004375
0.004371
0.004366
0.004361
0.004357
0.004352
0.004348
0.004343
0.004339
0.004334
0.004329
0.004325
0.004320
0.004316
0.004311
0.004307
0.004302
0.004298
0.004293
0.004289
0.004285
0.004280
0.004276
0.004271
0.004267
0.004263
0.004258
0.004254
0.004249
0.004245
0.004241
0.004236
0.004232
0.004228
0.004223
0.004219
0.004215
0.004211
0.004206
0.004202
0.004198
0.004194
0.004189
0.004185
0.004181
0.004177
0.004172
0.004168
0.004164
0.004160
0.004156
0.004152
0.004147
0.004143
0.004139
0.004135
0.004131
0.004127
0.004123
0.004119
0.004115
0.004111
0.004107
0.004102
0.004098
0.004094
0.004090
0.004086
0.004082
0.004078
0.004074
0.004070
0.004066
0.004062
0.004059
0.004055
0.004051
0.004047
0.004043
0.004039
0.004035
0.004031
0.004027
0.004023
0.004019
0.004016
0.004012
0.004008
0.004004
0.004000
0.003996
0.003993
0.003989
0.003985
0.003981
0.003977
0.003974
0.003970
0.003966
0.003962
0.003959
0.003955
0.003951
0.003947
0.003944
0.003940
0.003936
0.003933
0.003929
0.003925
0.003921
0.003918
0.003914
0.003911
0.003907
0.003903
0.003900
0.003896
0.003892
0.003889
0.003885
0.003882
0.003878
0.003874
0.003871
0.003867
0.003864
0.003860
0.003857
0.003853
0.003850
0.003846
0.003842
0.003839
0.003835
0.003832
0.003829
0.003825
0.003822
0.003818
0.003815
0.003811
0.003808
0.003804
0.003801
0.003797
0.003794
0.003791
0.003787
0.003784
0.003780
0.003777
0.003774
0.003770
0.003767
0.003763
0.003760
0.003757
0.003753
0.003750
0.003747
0.003743
0.003740
0.003737
0.003733
0.003730
0.003727
0.003724
0.003720
0.003717
0.003714
0.003710
0.003707
0.003704
0.003701
0.003698
0.003694
0.003691
0.003688
0.003685
0.003681
0.003678
0.003675
0.003672
0.003669
0.003665
0.003662
0.003659
0.003656
0.003653
0.003650
0.003646
0.003643
0.003640
0.003637
0.003634
0.003631
0.003628
0.003625
0.003622
0.003618
0.003615
0.003612
0.003609
0.003606
0.003603
0.003600
0.003597
0.003594
0.003591
0.003588
0.003585
0.003582
0.003579
0.003576
0.003573
0.003570
0.003567
0.003564
0.003561
0.003558
0.003555
0.003552
0.003549
0.003546
0.003543
0.003540
0.003537
0.003534
0.003531
0.003528
0.003525
0.003522
0.003519
0.003517
0.003514
0.003511
0.003508

1.172049 -5.750589 