0.125000
0.062059
0.059043
0.057176
0.055731
0.054481
0.053341
0.052275
0.051265
0.050303
0.049385
0.048507
0.047667
0.046864
0.046096
0.045360
0.044656
0.043983
0.043337
0.042719
0.042127
0.041559
0.041015
0.040493
0.039992
0.039511
0.039048
0.038604
0.038178
0.037767
0.037372
0.036991
0.036625
0.036271
0.035931
0.035602
0.035285
0.034979
0.034683
0.034397
0.034120
0.033853
0.033594
0.033343
0.033100
0.032865
0.032637
0.032415
0.032200
0.031992
0.031790
0.031593
0.031402
0.031216
0.031035
0.030860
0.030689
0.030522
0.030360
0.030202
0.030048
0.029898
0.029752
0.029609
0.029470
0.029334
0.029202
0.029072
0.028946
0.028823
0.028702
0.028584
0.028469
0.028356
0.028246
0.028138
0.028032
0.027929
0.027828
0.027729
0.027632
0.027537
0.027444
0.027353
0.027263
0.027175
0.027089
0.027005
0.026922
0.026841
0.026762
0.026683
0.026607
0.026531
0.026457
0.026385
0.026313
0.026243
0.026174
0.026107
0.026040
0.025975
0.025911
0.025847
0.025785
0.025724
0.025664
0.025605
0.025546
0.025489
0.025433
0.025377
0.025323
0.025269
0.025216
0.025164
0.025112
0.025062
0.025012
0.024963
0.024914
0.024866
0.024819
0.024773
0.024727
0.024682
0.024638
0.024594
0.024551
0.024508
0.024466
0.024425
0.024384
0.024344
0.024304
0.024265
0.024226
0.024188
0.024150
0.024113
0.024076
0.024040
0.024004
0.023968
0.023933
0.023899
0.023865
0.023831
0.023798
0.023765
0.023732
0.023700
0.023668
0.023637
0.023606
0.023575
0.023545
0.023515
0.023486
0.023456
0.023427
0.023399
0.023371
0.023343
0.023315
0.023288
0.023261
0.023234
0.023208
0.023181
0.023155
0.023130
0.023105
0.023079
0.023055
0.023030
0.023006
0.022982
0.022958
0.022934
0.022911
0.022888
0.022865
0.022843
0.022820
0.022798
0.022776
0.022754
0.022733
0.022712
0.022691
0.022670
0.022649
0.022628
0.022608
0.022588
0.022568
0.022548
0.022529
0.022509
0.022490
0.022471
0.022452
0.022434
0.022415
0.022397
0.022379
0.022361
0.022343
0.022325
0.022308
0.022290
0.022273
0.022256
0.022239
0.022222
0.022206
0.022189
0.022173
0.022157
0.022141
0.022125
0.022109
0.022093
0.022078
0.022062
0.022047
0.022032
0.022017
0.022002
0.021987
0.021972
0.021958
0.021943
0.021929
0.021915
0.021901
0.021887
0.021873
0.021859
0.021846
0.021832
0.021819
0.021805
0.021792
0.021779
0.021766
0.021753
0.021740
0.021727
0.021715
0.021702
0.021690
0.021677
0.021665
0.021653
0.021641
0.021629
0.021617
0.021605
0.021593
0.021582
0.021570
0.021559
0.021547
0.021536
0.021525
0.021514
0.021502
0.021491
0.021480
0.021470
0.021459
0.021448
0.021438
0.021427
0.021416
0.021406
0.021396
0.021385
0.021375
0.021365
0.021355
0.021345
0.021335
0.021325
0.021315
0.021306
0.021296
0.021286
0.021277
0.021267
0.021258
0.021249
0.021239
0.021230
0.021221
0.021212
0.021203
0.021194
0.021185
0.021176
0.021167
0.021158
0.021150
0.021141
0.021132
0.021124
0.021115
0.021107
0.021098
0.021090
0.021082
0.021074
0.021065
0.021057
0.021049
0.021041
0.021033
0.021025
0.021017
0.021009
0.021002
0.020994
0.020986
0.020978
0.020971
0.020963
0.020956
0.020948
0.020941
0.020933
0.020926
0.020919
0.020911
0.020904
0.020897
0.020890
0.020883
0.020876
0.020869
0.020862
0.020855
0.020848
0.020841
0.020834
0.020827
0.020820
0.020814
0.020807
0.020800
0.020794
0.020787
0.020781
0.020774
0.020768
0.020761
0.020755
0.020749
0.020742
0.020736
0.020730
0.020723
0.020717
0.020711
0.020705
0.020699
0.020693
0.020687
0.020681
0.020675
0.020669
0.020663
0.020657
0.020651
0.020645
0.020640
0.020634
0.020628
0.020622
0.020617
0.020611
0.020606
0.020600
0.020594
0.020589
0.020583
0.020578
0.020572
0.020567
0.020562
0.020556
0.020551
0.020546
0.020540
0.020535
0.020530
0.020525
0.020519
0.020514
0.020509
0.020504
0.020499
0.020494
0.020489
0.020484
0.020479
0.020474
0.020469
0.020464
0.020459
0.020454
0.020450
0.020445
0.020440
0.020435
0.020430
0.020426
0.020421
0.020416
0.020412
0.020407
0.020402
0.020398
0.020393
0.020389
0.020384
0.020380
0.020375
0.020371
0.020366
0.020362
0.020357
0.020353
0.020349
0.020344
0.020340
0.020336
0.020331
0.020327
0.020323
0.020319
0.020314
0.020310
0.020306
0.020302
0.020298
0.020294
0.020290
0.020285
0.020281
0.020277
0.020273
0.020269
0.020265
0.020261
0.020257
0.020253
0.020249
0.020246
0.020242
0.020238
0.020234
0.020230
0.020226
0.020222
0.020219
0.020215
0.020211
0.020207
0.020204
0.020200
0.020196
0.020192
0.020189
0.020185
0.020182
0.020178
0.020174
0.020171
0.020167
0.020164
0.020160
0.020156
0.020153
0.020149
0.020146
0.020142
0.020139
0.020136
0.020132
0.020129
0.020125
0.020122
0.020119
0.020115
0.020112
0.020108
0.020105
0.020102
0.020099
0.020095
0.020092
0.020089
0.020085
0.020082
0.020079
0.020076
0.020073
0.020069
0.020066
0.020063
0.020060
0.020057
0.020054
0.020051
0.020047
0.020044
0.020041
0.020038
0.020035
0.020032
0.020029
0.020026
0.020023
0.020020
0.020017
0.020014
0.020011
0.020008
0.020005
0.020002
0.019999
0.019997
0.019994
0.019991
0.019988
0.019985
0.019982
0.019979
0.019977
0.019974
0.019971
0.019968
0.019965
0.019963
0.019960
0.019957
0.019954
0.019952
0.019949
0.019946
0.019943
0.019941
0.019938
0.019935
0.019933
0.019930
0.019927
0.019925
0.019922
0.019919
0.019917
0.019914
0.019912
0.019909
0.019906
0.019904
0.019901
0.019899
0.019896
0.019894
0.019891
0.019889
0.019886
0.019884
0.019881
0.019879
0.019876
0.019874
0.019871
0.019869
0.019867
0.019864
0.019862
0.019859
0.019857
0.019855
0.019852
0.019850
0.019847
0.019845
0.019843
0.019840
0.019838
0.019836
0.019833
0.019831
0.019829
0.019826
0.019824
0.019822
0.019820
0.019817
0.019815
0.019813
0.019811
0.019808
0.019806
0.019804
0.019802
0.019800
0.019797
0.019795
0.019793
0.019791
0.019789
0.019786
0.019784
0.019782
0.019780
0.019778
0.019776
0.019774
0.019772
0.019769
0.019767
0.019765
0.019763
0.019761
0.019759
0.019757
0.019755
0.019753
0.019751
0.019749
0.019747
0.019745
0.019743
0.019741
0.019739
0.019737
0.019735
0.019733
0.019731
0.019729
0.019727
0.019725
0.019723
0.019721
0.019719
0.019717
0.019715
0.019713
0.019711
0.019709
0.019707
0.019706
0.019704
0.019702
0.019700
0.019698
0.019696
0.019694
0.019692
0.019691
0.019689
0.019687
0.019685
0.019683
0.019681
0.019680
0.019678
0.019676
0.019674
0.019672
0.019671
0.019669
0.019667
0.019665
0.019663
0.019662
0.019660
0.019658
0.019656
0.019655
0.019653
0.019651
0.019649
0.019648
0.019646
0.019644
0.019643
0.019641
0.019639
0.019638
0.019636
0.019634
0.019632
0.019631
0.019629
0.019627
0.019626
0.019624
0.019622
0.019621
0.019619
0.019618
0.019616
0.019614
0.019613
0.019611
0.019609
0.019608
0.019606
0.019605
0.019603
0.019602
0.019600
0.019598
0.019597
0.019595
0.019594
0.019592
0.019591
0.019589
0.019587
0.019586
0.019584
0.019583
0.019581
0.019580
0.019578
0.019577
0.019575
0.019574
0.019572
0.019571
0.019569
0.019568
0.019566
0.019565
0.019563
0.019562
0.019560
0.019559
0.019557
0.019556
0.019555
0.019553
0.019552
0.019550
0.019549
0.019547
0.019546
0.019544
0.019543
0.019542
0.019540
0.019539
0.019537
0.019536
0.019535
0.019533
0.019532
0.019530
0.019529
0.019528
0.019526
0.019525
0.019524
0.019522
0.019521
0.019519
0.019518
0.019517
0.019515
0.019514
0.019513
0.019511
0.019510
0.019509
0.019507
0.019506
0.019505
0.019503
0.019502
0.019501
0.019500
0.019498
0.019497
0.019496
0.019494
0.019493
0.019492
0.019491
0.019489
0.019488
0.019487
0.019485
0.019484
0.019483
0.019482
0.019480
0.019479
0.019478
0.019477
0.019475
0.019474
0.019473
0.019472
0.019471
0.019469
0.019468
0.019467
0.019466
0.019464
0.019463
0.019462
0.019461
0.019460
0.019458
0.019457
0.019456
0.019455
0.019454
0.019452
0.019451
0.019450
0.019449
0.019448
0.019447
0.019445
0.019444
0.019443
0.019442
0.019441
0.019440
0.019439
0.019437
0.019436
0.019435
0.019434
0.019433
0.019432
0.019431
0.019429
0.019428
0.019427
0.019426
0.019425
0.019424
0.019423
0.019422
0.019421
0.019420
0.019418
0.019417
0.019416
0.019415
0.019414
0.019413
0.019412
0.019411
0.019410
0.019409
0.019408
0.019407
0.019405
0.019404
0.019403
0.019402
0.019401
0.019400
0.019399
0.019398
0.019397
0.019396
0.019395
0.019394
0.019393
0.019392
0.019391
0.019390
0.019389
0.019388
0.019387
0.019386
0.019385
0.019384
0.019383
0.019382
0.019381
0.019380
0.019379
0.019378
0.019377
0.019376
0.019375
0.019374
0.019373
0.019372
0.019371
0.019370
0.019369
0.019368
0.019367
0.019366
0.019365
0.019364
0.019363
0.019362
0.019361
0.019360
0.019359
0.019358
0.019357
0.019356
0.019356
0.019355
0.019354
0.019353
0.019352
0.019351
0.019350
0.019349
0.019348
0.019347
0.019346
0.019345
0.019344
0.019343
0.019343
0.019342
0.019341
0.019340
0.019339
0.019338
0.019337
0.019336
0.019335
0.019334
0.019334
0.019333
0.019332
0.019331
0.019330
0.019329
0.019328
0.019327
0.019326
0.019326
0.019325
0.019324
0.019323
0.019322
0.019321
0.019320
0.019320
0.019319
0.019318
0.019317
0.019316
0.019315
0.019314
0.019314
0.019313
0.019312
0.019311
0.019310
0.019309
0.019308
0.019308
0.019307
0.019306
0.019305
0.019304
0.019304
0.019303
0.019302
0.019301
0.019300
0.019299
0.019299
0.019298
0.019297
0.019296
0.019295
0.019295
0.019294
0.019293
0.019292
0.019291
0.019291
0.019290
0.019289
0.019288
0.019287
0.019287
0.019286

0.326971 -0.475555 -3.607487 